1031846500331950080
979379846679511084
808030378521788446
576431717620121601
364112742153584640
860068702732812338
845820010429808650
748585736873312309
853550207039832084
1230764273676980317
507203871806849055
442294989020463114
633112741426495488
932400091539587102
593490911552339988
924628150040801280
1319032851542310933
874672600259895327
1263340700569833512
739350671471411243
833240476311486495
702054592262701127
544829671213105152
1007178514941874196
807275156867121172
1178160689257390121
1059157644012699730
680442140077326383
664607793374035969
1097606125022625832
983786482466717726
996636510088601650
846476512663699456
1173273343449903247
1315519027275108353
1151972932973772830
1033542098756055050
1108422682820759582
863450991701393471
1086258302515679312
868927462917148692
1194927459389415446
1338314632129150997
839727531305205790
547667453350772758
904266015700049960
1209111940648013876
1151210431269048340
1049471856408797195
780743908128456704
907097960003805274
992189427893932172
1162280842249388083
766823979716444162
1244873274492715092
1058669650516377650
1017939552079450173
1205338702058881054
1185639298524008549
1094899405364142202
1273955840650379315
1006142138683248693
1273960256040337500
1342274367408574554
1192481842130067597
1094899405364142202
1263545967857107025
1273955777949995051
727245795358670971
1043345965433753600
883871956288569344
1021931207665135636
1094899405364142202
1210061617044398080
1268677750969860181
1264138314018066485
1273932387247718445
1273926083137245195
1327615783492255784
1011250795422949476
1174420792331751466
601297371804205056
1269551693058801756
1254472513199673347
1358357551183560824
1230575935992893470
849957434163331073
1322093216656396390
774248463301869639
1261041068976115776
1097512039326433361
797148826858553374
1273943441247703050
1061663641063137300
935103810592968705
